Gene: 38257539
35241965
34769873
32102945
31665475
28130843
26220967
26134530
26041381
24574433
21718544
21479931
20670397
19684115
19081080
18854156
18835566
17680349
16036556
15611053
15336485

Gene: 38258550
35343793
35327990
34936656
33591320
33382157
32644157
32513870
32023456
30657965
30482842
29391496
29088268
28862774
28467471
28180323
27974172
26874520
25484163
25368150
24891441

Gene: 32171524
30640510
29247757
26639987
25495903
24961696
22286050
20034956
19564499
19446023
17277072
16682557
15923259
15522293
14729335
12823975
12417713
12399033
11790138
11591671
10753109

Gene: 37999422
35651624
35646157
35628649
35628622
35626664
35625596
35622584
35621967
35619700
35616155
35616130
35609322
35608258
35597551
35581205
35568959
35563554
35563397
35550567
35549551

Gene: 38258549
21256985
20034956
15522293
10753109
9370344
3910100

Gene: 342240347

Gene: 342240348

Gene: 342240355

